# Matter power spectrum
######################################################
#
# (0)  Redshift
#      Unit = dimensionless
# (1)  Fourier scale k
#      Unit = 3.240779e-25 cm**-1
#      Unit = 1.000000e-06 pc**-1
#      Unit = 1.000000e+00 Mpc**-1
# (2)  The shot-noise subtracted power
#      Unit = 2.937999e+73 cm**3
#      Unit = 1.000000e+18 pc**3
#      Unit = 1.000000e+00 Mpc**3
# (3)  The shot-noise power (scale-independant)
#      Unit = 2.937999e+73 cm**3
#      Unit = 1.000000e+18 pc**3
#      Unit = 1.000000e+00 Mpc**3
#
#       (0)             (1)             (2)             (3)    
#             z               k            P(k)         P_noise
    14.39606186  1.69196127e-01  2.14108179e+01  1.95356740e-01
    14.39606186  3.38392254e-01  5.93768903e+00  1.95356740e-01
    14.39606186  5.07588381e-01  3.47522263e+00  1.95356740e-01
    14.39606186  6.76784509e-01  1.59688277e+00  1.95356740e-01
    14.39606186  8.45980636e-01  8.79096502e-01  1.95356740e-01
    14.39606186  1.01517676e+00  4.89682864e-01  1.95356740e-01
    14.39606186  1.18437289e+00  2.98774171e-01  1.95356740e-01
    14.39606186  1.35356902e+00  1.99398660e-01  1.95356740e-01
    14.39606186  1.52276514e+00  1.10913577e-01  1.95356740e-01
    14.39606186  1.69196127e+00  2.75843799e-02  1.95356740e-01
    14.39606186  1.86115740e+00 -1.47329923e-02  1.95356740e-01
    14.39606186  2.03035353e+00 -5.20054932e-02  1.95356740e-01
    14.39606186  2.19954965e+00 -8.13450276e-02  1.95356740e-01
    14.39606186  2.36874578e+00 -1.02125856e-01  1.95356740e-01
    14.39606186  2.53794191e+00 -1.09943866e-01  1.95356740e-01
    14.39606186  2.70713803e+00 -1.23876560e-01  1.95356740e-01
    14.39606186  2.87633416e+00 -1.37505385e-01  1.95356740e-01
    14.39606186  3.04553029e+00 -1.41975740e-01  1.95356740e-01
    14.39606186  3.21472642e+00 -1.50231581e-01  1.95356740e-01
    14.39606186  3.38392254e+00 -1.55226039e-01  1.95356740e-01
    14.39606186  3.55311867e+00 -1.61961027e-01  1.95356740e-01
    14.39606186  3.72231480e+00 -1.66171280e-01  1.95356740e-01
    14.39606186  3.89151092e+00 -1.69306149e-01  1.95356740e-01
    14.39606186  4.06070705e+00 -1.71566380e-01  1.95356740e-01
    14.39606186  4.22990318e+00 -1.74121669e-01  1.95356740e-01
    14.39606186  4.39909931e+00 -1.76731610e-01  1.95356740e-01
    14.39606186  4.56829543e+00 -1.78385423e-01  1.95356740e-01
    14.39606186  4.73749156e+00 -1.79946454e-01  1.95356740e-01
    14.39606186  4.90668769e+00 -1.81576969e-01  1.95356740e-01
    14.39606186  5.07588381e+00 -1.83108051e-01  1.95356740e-01
    14.39606186  5.24507994e+00 -1.83903646e-01  1.95356740e-01
    14.39606186  5.41427607e+00 -1.84726707e-01  1.95356740e-01
    14.39606186  5.58347220e+00 -1.85329286e-01  1.95356740e-01
    14.39606186  5.75266832e+00 -1.85896941e-01  1.95356740e-01
    14.39606186  5.92186445e+00 -1.85980422e-01  1.95356740e-01
    14.39606186  6.09106058e+00 -1.86343578e-01  1.95356740e-01
    14.39606186  6.26025670e+00 -1.85635368e-01  1.95356740e-01
    14.39606186  6.42945283e+00 -1.85285993e-01  1.95356740e-01
    14.39606186  6.59864896e+00 -1.84610979e-01  1.95356740e-01
    14.39606186  6.76784509e+00 -1.84105414e-01  1.95356740e-01
    14.39606186  6.93704121e+00 -1.81971977e-01  1.95356740e-01
    14.39606186  7.10623734e+00 -1.80160414e-01  1.95356740e-01
    14.39606186  7.27543347e+00 -1.78355191e-01  1.95356740e-01
    14.39606186  7.44462959e+00 -1.75716545e-01  1.95356740e-01
    14.39606186  7.61382572e+00 -1.70462785e-01  1.95356740e-01
    14.39606186  8.12141410e+00 -1.54962264e-01  1.95356740e-01
    14.39606186  8.79819861e+00 -1.25548656e-01  1.95356740e-01
    14.39606186  9.47498312e+00 -1.49045463e-02  1.95356740e-01
    14.39606186  1.01517676e+01  1.22037361e-01  1.95356740e-01
    14.39606186  1.08285521e+01  1.29844401e-01  1.95356740e-01
    14.39606186  1.15053366e+01  1.05510137e-01  1.95356740e-01
    14.39606186  1.21821212e+01  2.45727511e-02  1.95356740e-01
    14.39606186  1.28589057e+01 -2.16035633e-02  1.95356740e-01
    14.39606186  1.35356902e+01 -3.13489139e-02  1.95356740e-01
    14.39606186  1.42124747e+01  7.56314685e-02  1.95356740e-01
    14.39606186  1.48892592e+01  3.53846154e-03  1.95356740e-01
    14.39606186  1.55660437e+01  5.98534486e-02  1.95356740e-01
    14.39606186  1.62428282e+01  2.60028572e-02  1.95356740e-01
    14.39606186  1.69196127e+01 -1.74501868e-02  1.95356740e-01
    14.39606186  1.75963972e+01 -4.52986585e-03  1.95356740e-01
    14.39606186  1.82731817e+01 -2.12702959e-02  1.95356740e-01
    14.39606186  1.89499662e+01  3.86226175e-03  1.95356740e-01
    14.39606186  1.96267507e+01 -2.41775511e-02  1.95356740e-01
    14.39606186  2.03035353e+01 -1.33965319e-02  1.95356740e-01
    14.39606186  2.09803198e+01 -1.25164573e-02  1.95356740e-01
    14.39606186  2.16571043e+01 -7.13362905e-03  1.95356740e-01
    14.39606186  2.23338888e+01 -6.33642496e-03  1.95356740e-01
    14.39606186  2.30106733e+01  1.64078577e-02  1.95356740e-01
    14.39606186  2.36874578e+01  6.24792021e-03  1.95356740e-01
    14.39606186  2.43642423e+01  7.62399012e-03  1.95356740e-01
    14.39606186  2.50410268e+01  4.40659263e-03  1.95356740e-01
    14.39606186  2.57178113e+01  1.34862265e-02  1.95356740e-01
    14.39606186  2.63945958e+01 -4.24876954e-03  1.95356740e-01
    14.39606186  2.70713803e+01  2.10394781e-04  1.95356740e-01
    14.39606186  2.77481649e+01 -3.75938027e-03  1.95356740e-01
    14.39606186  2.84249494e+01 -5.78297079e-03  1.95356740e-01
    14.39606186  2.91017339e+01  2.06301490e-03  1.95356740e-01
    14.39606186  2.97785184e+01 -1.65791647e-04  1.95356740e-01
    14.39606186  3.04553029e+01  7.83461159e-04  1.95356740e-01
    14.39606186  3.11320874e+01  5.23419020e-04  1.95356740e-01
    14.39606186  3.24856564e+01 -6.89075425e-03  1.95356740e-01
    14.39606186  3.51927944e+01 -4.54407211e-04  1.95356740e-01
    14.39606186  3.78999325e+01  3.65654092e-03  1.95356740e-01
    14.39606186  4.06070705e+01  3.60947066e-03  1.95356740e-01
    14.39606186  4.33142085e+01  3.20038700e-03  1.95356740e-01
    14.39606186  4.60213466e+01 -5.73440945e-03  1.95356740e-01
    14.39606186  4.87284846e+01  2.18856996e-04  1.95356740e-01
    14.39606186  5.14356227e+01 -2.77202839e-03  1.95356740e-01
    14.39606186  5.41427607e+01 -4.89367631e-03  1.95356740e-01
    14.39606186  5.68498987e+01  1.48106535e-03  1.95356740e-01
    14.39606186  5.95570368e+01  2.65106170e-03  1.95356740e-01
    14.39606186  6.22641748e+01 -1.54721838e-03  1.95356740e-01
    14.39606186  6.49713128e+01 -7.57882603e-03  1.95356740e-01
    14.39606186  6.76784509e+01 -9.71414549e-04  1.95356740e-01
    14.39606186  7.03855889e+01 -5.17569253e-04  1.95356740e-01
    14.39606186  7.30927269e+01 -4.14067087e-03  1.95356740e-01
    14.39606186  7.57998650e+01 -1.78413349e-03  1.95356740e-01
    14.39606186  7.85070030e+01  1.10390024e-03  1.95356740e-01
    14.39606186  8.12141410e+01 -1.51918487e-03  1.95356740e-01
    14.39606186  8.39212791e+01  3.29532807e-03  1.95356740e-01
    14.39606186  8.66284171e+01  7.10681563e-04  1.95356740e-01
    14.39606186  8.93355551e+01 -1.47351110e-03  1.95356740e-01
    14.39606186  9.20426932e+01  3.36194500e-03  1.95356740e-01
    14.39606186  9.47498312e+01 -6.51789725e-04  1.95356740e-01
    14.39606186  9.74569692e+01  1.50000994e-04  1.95356740e-01
    14.39606186  1.00164107e+02  8.57587466e-04  1.95356740e-01
    14.39606186  1.02871245e+02  2.20095747e-03  1.95356740e-01
    14.39606186  1.05578383e+02  2.60380583e-03  1.95356740e-01
    14.39606186  1.08285521e+02  4.70532431e-05  1.95356740e-01
    14.39606186  1.10992659e+02  3.67673069e-03  1.95356740e-01
    14.39606186  1.13699797e+02  8.55377727e-04  1.95356740e-01
    14.39606186  1.16406935e+02  2.02914563e-03  1.95356740e-01
    14.39606186  1.19114074e+02  1.65820042e-04  1.95356740e-01
    14.39606186  1.21821212e+02  1.50248310e-03  1.95356740e-01
    14.39606186  1.24528350e+02  4.03882078e-03  1.95356740e-01
    14.39606186  1.29942626e+02  1.71370032e-03  1.95356740e-01
    14.39606186  1.40771178e+02 -3.05992668e-03  1.95356740e-01
    14.39606186  1.51599730e+02  7.39195823e-03  1.95356740e-01
    14.39606186  1.62428282e+02 -8.22719520e-03  1.95356740e-01
    14.39606186  1.73256834e+02 -2.76901875e-03  1.95356740e-01
    14.39606186  1.84085386e+02 -1.51739210e-03  1.95356740e-01
    14.39606186  1.94913938e+02 -3.49422997e-03  1.95356740e-01
    14.39606186  2.05742491e+02  8.49682005e-04  1.95356740e-01
    14.39606186  2.16571043e+02 -3.18796292e-03  1.95356740e-01
    14.39606186  2.27399595e+02  7.63899844e-03  1.95356740e-01
    14.39606186  2.38228147e+02  4.82109651e-03  1.95356740e-01
    14.39606186  2.49056699e+02  4.26775837e-03  1.95356740e-01
    14.39606186  2.59885251e+02  1.04869798e-03  1.95356740e-01
    14.39606186  2.70713803e+02 -1.54216193e-03  1.95356740e-01
    14.39606186  2.81542356e+02 -4.35131049e-03  1.95356740e-01
    14.39606186  2.92370908e+02  5.06662115e-03  1.95356740e-01
    14.39606186  3.03199460e+02 -4.61316862e-03  1.95356740e-01
    14.39606186  3.14028012e+02  1.86627311e-03  1.95356740e-01
    14.39606186  3.24856564e+02 -1.33481652e-03  1.95356740e-01
    14.39606186  3.35685116e+02 -1.19821022e-03  1.95356740e-01
    14.39606186  3.46513668e+02 -9.75164578e-04  1.95356740e-01
    14.39606186  3.57342221e+02 -2.99346097e-03  1.95356740e-01
    14.39606186  3.68170773e+02 -2.18109873e-03  1.95356740e-01
    14.39606186  3.78999325e+02  8.21594724e-04  1.95356740e-01
    14.39606186  3.89827877e+02 -7.81392353e-04  1.95356740e-01
    14.39606186  4.00656429e+02  6.45274352e-04  1.95356740e-01
    14.39606186  4.11484981e+02  3.95835110e-03  1.95356740e-01
    14.39606186  4.22313533e+02  9.32738900e-04  1.95356740e-01
    14.39606186  4.33142085e+02  8.94192547e-04  1.95356740e-01
    14.39606186  4.43970638e+02 -5.07554715e-04  1.95356740e-01
    14.39606186  4.54799190e+02  3.06787663e-03  1.95356740e-01
    14.39606186  4.65627742e+02 -2.99682771e-03  1.95356740e-01
    14.39606186  4.76456294e+02  2.41932095e-03  1.95356740e-01
    14.39606186  4.87284846e+02  3.08076602e-03  1.95356740e-01
    14.39606186  4.98113398e+02  1.82123535e-03  1.95356740e-01
