# Matter power spectrum
######################################################
#
# (0)  Redshift
#      Unit = dimensionless
# (1)  Fourier scale k
#      Unit = 3.240779e-25 cm**-1
#      Unit = 1.000000e-06 pc**-1
#      Unit = 1.000000e+00 Mpc**-1
# (2)  The shot-noise subtracted power
#      Unit = 2.937999e+73 cm**3
#      Unit = 1.000000e+18 pc**3
#      Unit = 1.000000e+00 Mpc**3
# (3)  The shot-noise power (scale-independant)
#      Unit = 2.937999e+73 cm**3
#      Unit = 1.000000e+18 pc**3
#      Unit = 1.000000e+00 Mpc**3
#
#       (0)             (1)             (2)             (3)    
#             z               k            P(k)         P_noise
    20.07057377  1.69196127e-01  1.12427467e+01  1.95356740e-01
    20.07057377  3.38392254e-01  3.12863572e+00  1.95356740e-01
    20.07057377  5.07588381e-01  1.74574142e+00  1.95356740e-01
    20.07057377  6.76784509e-01  7.44163779e-01  1.95356740e-01
    20.07057377  8.45980636e-01  3.72801785e-01  1.95356740e-01
    20.07057377  1.01517676e+00  1.64935009e-01  1.95356740e-01
    20.07057377  1.18437289e+00  5.89397780e-02  1.95356740e-01
    20.07057377  1.35356902e+00  6.82964917e-03  1.95356740e-01
    20.07057377  1.52276514e+00 -3.78164929e-02  1.95356740e-01
    20.07057377  1.69196127e+00 -8.33843878e-02  1.95356740e-01
    20.07057377  1.86115740e+00 -1.04306092e-01  1.95356740e-01
    20.07057377  2.03035353e+00 -1.22874543e-01  1.95356740e-01
    20.07057377  2.19954965e+00 -1.37960172e-01  1.95356740e-01
    20.07057377  2.36874578e+00 -1.48208357e-01  1.95356740e-01
    20.07057377  2.53794191e+00 -1.52953704e-01  1.95356740e-01
    20.07057377  2.70713803e+00 -1.60020026e-01  1.95356740e-01
    20.07057377  2.87633416e+00 -1.66667739e-01  1.95356740e-01
    20.07057377  3.04553029e+00 -1.68880219e-01  1.95356740e-01
    20.07057377  3.21472642e+00 -1.73183230e-01  1.95356740e-01
    20.07057377  3.38392254e+00 -1.75921004e-01  1.95356740e-01
    20.07057377  3.55311867e+00 -1.79444338e-01  1.95356740e-01
    20.07057377  3.72231480e+00 -1.81046247e-01  1.95356740e-01
    20.07057377  3.89151092e+00 -1.82563692e-01  1.95356740e-01
    20.07057377  4.06070705e+00 -1.83873080e-01  1.95356740e-01
    20.07057377  4.22990318e+00 -1.84993616e-01  1.95356740e-01
    20.07057377  4.39909931e+00 -1.86445879e-01  1.95356740e-01
    20.07057377  4.56829543e+00 -1.87127849e-01  1.95356740e-01
    20.07057377  4.73749156e+00 -1.88131961e-01  1.95356740e-01
    20.07057377  4.90668769e+00 -1.88865751e-01  1.95356740e-01
    20.07057377  5.07588381e+00 -1.89530450e-01  1.95356740e-01
    20.07057377  5.24507994e+00 -1.89961375e-01  1.95356740e-01
    20.07057377  5.41427607e+00 -1.90443334e-01  1.95356740e-01
    20.07057377  5.58347220e+00 -1.90934962e-01  1.95356740e-01
    20.07057377  5.75266832e+00 -1.91106174e-01  1.95356740e-01
    20.07057377  5.92186445e+00 -1.91184709e-01  1.95356740e-01
    20.07057377  6.09106058e+00 -1.91265200e-01  1.95356740e-01
    20.07057377  6.26025670e+00 -1.90930491e-01  1.95356740e-01
    20.07057377  6.42945283e+00 -1.90776683e-01  1.95356740e-01
    20.07057377  6.59864896e+00 -1.90321502e-01  1.95356740e-01
    20.07057377  6.76784509e+00 -1.90006417e-01  1.95356740e-01
    20.07057377  6.93704121e+00 -1.88958015e-01  1.95356740e-01
    20.07057377  7.10623734e+00 -1.88355349e-01  1.95356740e-01
    20.07057377  7.27543347e+00 -1.87306785e-01  1.95356740e-01
    20.07057377  7.44462959e+00 -1.85946808e-01  1.95356740e-01
    20.07057377  7.61382572e+00 -1.83587355e-01  1.95356740e-01
    20.07057377  8.12141410e+00 -1.79082606e-01  1.95356740e-01
    20.07057377  8.79819861e+00 -1.50532866e-01  1.95356740e-01
    20.07057377  9.47498312e+00 -6.72599774e-02  1.95356740e-01
    20.07057377  1.01517676e+01  2.01149362e-01  1.95356740e-01
    20.07057377  1.08285521e+01  9.93811884e-01  1.95356740e-01
    20.07057377  1.15053366e+01  1.24047764e-01  1.95356740e-01
    20.07057377  1.21821212e+01 -9.18702208e-03  1.95356740e-01
    20.07057377  1.28589057e+01 -7.47359799e-02  1.95356740e-01
    20.07057377  1.35356902e+01 -7.93931180e-02  1.95356740e-01
    20.07057377  1.42124747e+01  7.53420742e-02  1.95356740e-01
    20.07057377  1.48892592e+01 -4.55555053e-03  1.95356740e-01
    20.07057377  1.55660437e+01  1.66067922e-01  1.95356740e-01
    20.07057377  1.62428282e+01  7.56611470e-03  1.95356740e-01
    20.07057377  1.69196127e+01 -3.69659620e-03  1.95356740e-01
    20.07057377  1.75963972e+01 -4.33594920e-02  1.95356740e-01
    20.07057377  1.82731817e+01 -3.18595499e-02  1.95356740e-01
    20.07057377  1.89499662e+01 -1.60510644e-02  1.95356740e-01
    20.07057377  1.96267507e+01 -5.17203954e-02  1.95356740e-01
    20.07057377  2.03035353e+01 -3.65795764e-02  1.95356740e-01
    20.07057377  2.09803198e+01 -2.82259566e-02  1.95356740e-01
    20.07057377  2.16571043e+01 -2.17457881e-02  1.95356740e-01
    20.07057377  2.23338888e+01 -1.23492641e-02  1.95356740e-01
    20.07057377  2.30106733e+01  2.93185138e-02  1.95356740e-01
    20.07057377  2.36874578e+01  3.00071127e-02  1.95356740e-01
    20.07057377  2.43642423e+01  4.80087426e-02  1.95356740e-01
    20.07057377  2.50410268e+01  1.29451580e-02  1.95356740e-01
    20.07057377  2.57178113e+01  3.90931939e-02  1.95356740e-01
    20.07057377  2.63945958e+01  1.41008177e-02  1.95356740e-01
    20.07057377  2.70713803e+01  6.70717610e-04  1.95356740e-01
    20.07057377  2.77481649e+01 -1.83497844e-02  1.95356740e-01
    20.07057377  2.84249494e+01 -1.21626457e-02  1.95356740e-01
    20.07057377  2.91017339e+01 -1.19316038e-02  1.95356740e-01
    20.07057377  2.97785184e+01 -1.51869149e-02  1.95356740e-01
    20.07057377  3.04553029e+01 -4.99656415e-03  1.95356740e-01
    20.07057377  3.11320874e+01 -1.61350147e-03  1.95356740e-01
    20.07057377  3.24856564e+01  5.49172144e-03  1.95356740e-01
    20.07057377  3.51927944e+01  9.11090230e-03  1.95356740e-01
    20.07057377  3.78999325e+01  3.84512713e-03  1.95356740e-01
    20.07057377  4.06070705e+01 -1.22817579e-02  1.95356740e-01
    20.07057377  4.33142085e+01 -2.39952660e-03  1.95356740e-01
    20.07057377  4.60213466e+01  2.74731400e-03  1.95356740e-01
    20.07057377  4.87284846e+01 -2.55200879e-03  1.95356740e-01
    20.07057377  5.14356227e+01 -1.56373426e-03  1.95356740e-01
    20.07057377  5.41427607e+01 -1.11977453e-03  1.95356740e-01
    20.07057377  5.68498987e+01 -6.56045454e-03  1.95356740e-01
    20.07057377  5.95570368e+01  5.90725265e-03  1.95356740e-01
    20.07057377  6.22641748e+01  3.07873143e-03  1.95356740e-01
    20.07057377  6.49713128e+01 -2.22938078e-03  1.95356740e-01
    20.07057377  6.76784509e+01 -2.36573628e-03  1.95356740e-01
    20.07057377  7.03855889e+01  4.59813799e-04  1.95356740e-01
    20.07057377  7.30927269e+01  2.14918159e-03  1.95356740e-01
    20.07057377  7.57998650e+01  9.43674587e-04  1.95356740e-01
    20.07057377  7.85070030e+01  3.27180937e-04  1.95356740e-01
    20.07057377  8.12141410e+01  1.13938131e-03  1.95356740e-01
    20.07057377  8.39212791e+01 -2.55448616e-03  1.95356740e-01
    20.07057377  8.66284171e+01  2.80243268e-03  1.95356740e-01
    20.07057377  8.93355551e+01  4.16872445e-03  1.95356740e-01
    20.07057377  9.20426932e+01 -7.74637348e-03  1.95356740e-01
    20.07057377  9.47498312e+01  6.02723528e-03  1.95356740e-01
    20.07057377  9.74569692e+01  1.26326600e-03  1.95356740e-01
    20.07057377  1.00164107e+02 -4.00400597e-03  1.95356740e-01
    20.07057377  1.02871245e+02  1.77719743e-03  1.95356740e-01
    20.07057377  1.05578383e+02 -4.75995431e-04  1.95356740e-01
    20.07057377  1.08285521e+02 -3.74017000e-04  1.95356740e-01
    20.07057377  1.10992659e+02  1.34727099e-03  1.95356740e-01
    20.07057377  1.13699797e+02 -7.91513632e-04  1.95356740e-01
    20.07057377  1.16406935e+02  3.84869188e-03  1.95356740e-01
    20.07057377  1.19114074e+02  1.55100149e-03  1.95356740e-01
    20.07057377  1.21821212e+02  2.23717571e-03  1.95356740e-01
    20.07057377  1.24528350e+02  5.02774405e-03  1.95356740e-01
    20.07057377  1.29942626e+02  9.40493576e-03  1.95356740e-01
    20.07057377  1.40771178e+02 -2.99621859e-03  1.95356740e-01
    20.07057377  1.51599730e+02  2.97656510e-04  1.95356740e-01
    20.07057377  1.62428282e+02 -2.90697472e-03  1.95356740e-01
    20.07057377  1.73256834e+02 -1.01464653e-03  1.95356740e-01
    20.07057377  1.84085386e+02 -5.96309056e-03  1.95356740e-01
    20.07057377  1.94913938e+02 -4.26974290e-03  1.95356740e-01
    20.07057377  2.05742491e+02  2.35526046e-03  1.95356740e-01
    20.07057377  2.16571043e+02  1.55940824e-03  1.95356740e-01
    20.07057377  2.27399595e+02  5.15818135e-03  1.95356740e-01
    20.07057377  2.38228147e+02  5.86124585e-03  1.95356740e-01
    20.07057377  2.49056699e+02 -6.45585844e-03  1.95356740e-01
    20.07057377  2.59885251e+02 -3.74853080e-03  1.95356740e-01
    20.07057377  2.70713803e+02  2.01952469e-03  1.95356740e-01
    20.07057377  2.81542356e+02 -2.90873685e-04  1.95356740e-01
    20.07057377  2.92370908e+02 -3.68208252e-03  1.95356740e-01
    20.07057377  3.03199460e+02  2.39211404e-03  1.95356740e-01
    20.07057377  3.14028012e+02  2.63568087e-03  1.95356740e-01
    20.07057377  3.24856564e+02  3.90233936e-03  1.95356740e-01
    20.07057377  3.35685116e+02 -8.30195530e-04  1.95356740e-01
    20.07057377  3.46513668e+02 -1.80911812e-03  1.95356740e-01
    20.07057377  3.57342221e+02 -1.71554438e-03  1.95356740e-01
    20.07057377  3.68170773e+02  8.49516330e-04  1.95356740e-01
    20.07057377  3.78999325e+02 -3.86898325e-03  1.95356740e-01
    20.07057377  3.89827877e+02  2.86928549e-04  1.95356740e-01
    20.07057377  4.00656429e+02 -1.09330256e-03  1.95356740e-01
    20.07057377  4.11484981e+02  5.43444853e-03  1.95356740e-01
    20.07057377  4.22313533e+02 -9.64384171e-04  1.95356740e-01
    20.07057377  4.33142085e+02 -3.93347060e-04  1.95356740e-01
    20.07057377  4.43970638e+02 -2.06975089e-03  1.95356740e-01
    20.07057377  4.54799190e+02 -2.75068275e-04  1.95356740e-01
    20.07057377  4.65627742e+02  3.43785640e-03  1.95356740e-01
    20.07057377  4.76456294e+02  3.71188810e-03  1.95356740e-01
    20.07057377  4.87284846e+02  1.14781903e-04  1.95356740e-01
    20.07057377  4.98113398e+02  2.64884255e-03  1.95356740e-01
