# Matter power spectrum
######################################################
#
# (0)  Redshift
#      Unit = dimensionless
# (1)  Fourier scale k
#      Unit = 3.240779e-25 cm**-1
#      Unit = 1.000000e-06 pc**-1
#      Unit = 1.000000e+00 Mpc**-1
# (2)  The shot-noise subtracted power
#      Unit = 2.937999e+73 cm**3
#      Unit = 1.000000e+18 pc**3
#      Unit = 1.000000e+00 Mpc**3
# (3)  The shot-noise power (scale-independant)
#      Unit = 2.937999e+73 cm**3
#      Unit = 1.000000e+18 pc**3
#      Unit = 1.000000e+00 Mpc**3
#
#       (0)             (1)             (2)             (3)    
#             z               k            P(k)         P_noise
    78.94842235  1.69196127e-01  5.84748451e-01  1.95356740e-01
    78.94842235  3.38392254e-01  4.33694946e-02  1.95356740e-01
    78.94842235  5.07588381e-01 -6.20335873e-02  1.95356740e-01
    78.94842235  6.76784509e-01 -1.31718314e-01  1.95356740e-01
    78.94842235  8.45980636e-01 -1.55625015e-01  1.95356740e-01
    78.94842235  1.01517676e+00 -1.70072804e-01  1.95356740e-01
    78.94842235  1.18437289e+00 -1.78261952e-01  1.95356740e-01
    78.94842235  1.35356902e+00 -1.81879360e-01  1.95356740e-01
    78.94842235  1.52276514e+00 -1.84721553e-01  1.95356740e-01
    78.94842235  1.69196127e+00 -1.87909108e-01  1.95356740e-01
    78.94842235  1.86115740e+00 -1.89256427e-01  1.95356740e-01
    78.94842235  2.03035353e+00 -1.90472310e-01  1.95356740e-01
    78.94842235  2.19954965e+00 -1.91428322e-01  1.95356740e-01
    78.94842235  2.36874578e+00 -1.92034108e-01  1.95356740e-01
    78.94842235  2.53794191e+00 -1.92539413e-01  1.95356740e-01
    78.94842235  2.70713803e+00 -1.92911741e-01  1.95356740e-01
    78.94842235  2.87633416e+00 -1.93371032e-01  1.95356740e-01
    78.94842235  3.04553029e+00 -1.93537285e-01  1.95356740e-01
    78.94842235  3.21472642e+00 -1.93799324e-01  1.95356740e-01
    78.94842235  3.38392254e+00 -1.94030226e-01  1.95356740e-01
    78.94842235  3.55311867e+00 -1.94237127e-01  1.95356740e-01
    78.94842235  3.72231480e+00 -1.94323103e-01  1.95356740e-01
    78.94842235  3.89151092e+00 -1.94422185e-01  1.95356740e-01
    78.94842235  4.06070705e+00 -1.94531749e-01  1.95356740e-01
    78.94842235  4.22990318e+00 -1.94599258e-01  1.95356740e-01
    78.94842235  4.39909931e+00 -1.94706712e-01  1.95356740e-01
    78.94842235  4.56829543e+00 -1.94748997e-01  1.95356740e-01
    78.94842235  4.73749156e+00 -1.94813320e-01  1.95356740e-01
    78.94842235  4.90668769e+00 -1.94862050e-01  1.95356740e-01
    78.94842235  5.07588381e+00 -1.94909520e-01  1.95356740e-01
    78.94842235  5.24507994e+00 -1.94939061e-01  1.95356740e-01
    78.94842235  5.41427607e+00 -1.94998709e-01  1.95356740e-01
    78.94842235  5.58347220e+00 -1.95035733e-01  1.95356740e-01
    78.94842235  5.75266832e+00 -1.95051300e-01  1.95356740e-01
    78.94842235  5.92186445e+00 -1.95070206e-01  1.95356740e-01
    78.94842235  6.09106058e+00 -1.95079157e-01  1.95356740e-01
    78.94842235  6.26025670e+00 -1.95076553e-01  1.95356740e-01
    78.94842235  6.42945283e+00 -1.95079222e-01  1.95356740e-01
    78.94842235  6.59864896e+00 -1.95073044e-01  1.95356740e-01
    78.94842235  6.76784509e+00 -1.95049989e-01  1.95356740e-01
    78.94842235  6.93704121e+00 -1.95036913e-01  1.95356740e-01
    78.94842235  7.10623734e+00 -1.95006170e-01  1.95356740e-01
    78.94842235  7.27543347e+00 -1.94979233e-01  1.95356740e-01
    78.94842235  7.44462959e+00 -1.94904341e-01  1.95356740e-01
    78.94842235  7.61382572e+00 -1.94875556e-01  1.95356740e-01
    78.94842235  8.12141410e+00 -1.94335552e-01  1.95356740e-01
    78.94842235  8.79819861e+00 -1.93221780e-01  1.95356740e-01
    78.94842235  9.47498312e+00 -1.88935646e-01  1.95356740e-01
    78.94842235  1.01517676e+01 -9.61525032e-02  1.95356740e-01
    78.94842235  1.08285521e+01  5.44448063e+01  1.95356740e-01
    78.94842235  1.15053366e+01 -1.52123824e-01  1.95356740e-01
    78.94842235  1.21821212e+01 -1.82708271e-01  1.95356740e-01
    78.94842235  1.28589057e+01 -1.88580137e-01  1.95356740e-01
    78.94842235  1.35356902e+01 -1.89832386e-01  1.95356740e-01
    78.94842235  1.42124747e+01 -1.50712517e-01  1.95356740e-01
    78.94842235  1.48892592e+01 -8.97029355e-02  1.95356740e-01
    78.94842235  1.55660437e+01  3.21030838e+01  1.95356740e-01
    78.94842235  1.62428282e+01 -1.52019252e-01  1.95356740e-01
    78.94842235  1.69196127e+01 -1.73042724e-01  1.95356740e-01
    78.94842235  1.75963972e+01 -1.79531531e-01  1.95356740e-01
    78.94842235  1.82731817e+01 -1.24729101e-01  1.95356740e-01
    78.94842235  1.89499662e+01  8.05375075e+00  1.95356740e-01
    78.94842235  1.96267507e+01 -1.53294359e-01  1.95356740e-01
    78.94842235  2.03035353e+01 -1.74508912e-01  1.95356740e-01
    78.94842235  2.09803198e+01 -1.10456897e-01  1.95356740e-01
    78.94842235  2.16571043e+01  2.85642554e+00  1.95356740e-01
    78.94842235  2.23338888e+01 -1.42144534e-01  1.95356740e-01
    78.94842235  2.30106733e+01 -1.03883700e-01  1.95356740e-01
    78.94842235  2.36874578e+01  6.40076526e-03  1.95356740e-01
    78.94842235  2.43642423e+01  4.93470434e+00  1.95356740e-01
    78.94842235  2.50410268e+01 -4.94682198e-02  1.95356740e-01
    78.94842235  2.57178113e+01  7.90291314e-03  1.95356740e-01
    78.94842235  2.63945958e+01  2.34160277e+00  1.95356740e-01
    78.94842235  2.70713803e+01 -5.12629958e-02  1.95356740e-01
    78.94842235  2.77481649e+01 -1.45486752e-01  1.95356740e-01
    78.94842235  2.84249494e+01 -1.62933161e-01  1.95356740e-01
    78.94842235  2.91017339e+01 -1.67013322e-01  1.95356740e-01
    78.94842235  2.97785184e+01 -1.54476520e-01  1.95356740e-01
    78.94842235  3.04553029e+01  1.33051613e-01  1.95356740e-01
    78.94842235  3.11320874e+01 -9.65018676e-02  1.95356740e-01
    78.94842235  3.24856564e+01  8.36420167e+00  1.95356740e-01
    78.94842235  3.51927944e+01  1.13876436e+01  1.95356740e-01
    78.94842235  3.78999325e+01  1.96798263e+00  1.95356740e-01
    78.94842235  4.06070705e+01  2.27484504e+00  1.95356740e-01
    78.94842235  4.33142085e+01  3.18721212e+00  1.95356740e-01
    78.94842235  4.60213466e+01  1.78432587e+00  1.95356740e-01
    78.94842235  4.87284846e+01  1.27360074e+00  1.95356740e-01
    78.94842235  5.14356227e+01  3.72887527e-01  1.95356740e-01
    78.94842235  5.41427607e+01  1.14168600e+00  1.95356740e-01
    78.94842235  5.68498987e+01  1.18998264e-01  1.95356740e-01
    78.94842235  5.95570368e+01  4.59135954e-01  1.95356740e-01
    78.94842235  6.22641748e+01  2.26684811e-01  1.95356740e-01
    78.94842235  6.49713128e+01  1.53683884e-01  1.95356740e-01
    78.94842235  6.76784509e+01  7.97442913e-02  1.95356740e-01
    78.94842235  7.03855889e+01  1.22023384e-01  1.95356740e-01
    78.94842235  7.30927269e+01  6.72259259e-02  1.95356740e-01
    78.94842235  7.57998650e+01  4.91245864e-02  1.95356740e-01
    78.94842235  7.85070030e+01  7.70428085e-02  1.95356740e-01
    78.94842235  8.12141410e+01  1.19014788e-02  1.95356740e-01
    78.94842235  8.39212791e+01  2.78918253e-02  1.95356740e-01
    78.94842235  8.66284171e+01  5.33974861e-02  1.95356740e-01
    78.94842235  8.93355551e+01  1.74208923e-02  1.95356740e-01
    78.94842235  9.20426932e+01  8.47020173e-03  1.95356740e-01
    78.94842235  9.47498312e+01  1.32811667e-02  1.95356740e-01
    78.94842235  9.74569692e+01  1.93686793e-02  1.95356740e-01
    78.94842235  1.00164107e+02  6.85352574e-03  1.95356740e-01
    78.94842235  1.02871245e+02  1.95136093e-02  1.95356740e-01
    78.94842235  1.05578383e+02  4.61558300e-03  1.95356740e-01
    78.94842235  1.08285521e+02  1.21362523e-02  1.95356740e-01
    78.94842235  1.10992659e+02  1.40298924e-02  1.95356740e-01
    78.94842235  1.13699797e+02  4.49240430e-03  1.95356740e-01
    78.94842235  1.16406935e+02  1.86823462e-02  1.95356740e-01
    78.94842235  1.19114074e+02  4.21707519e-03  1.95356740e-01
    78.94842235  1.21821212e+02  8.51979986e-03  1.95356740e-01
    78.94842235  1.24528350e+02  8.91093866e-03  1.95356740e-01
    78.94842235  1.29942626e+02  8.38312877e-01  1.95356740e-01
    78.94842235  1.40771178e+02  4.71357499e-01  1.95356740e-01
    78.94842235  1.51599730e+02  3.06199192e-01  1.95356740e-01
    78.94842235  1.62428282e+02  2.23513034e-01  1.95356740e-01
    78.94842235  1.73256834e+02  1.38277051e-01  1.95356740e-01
    78.94842235  1.84085386e+02  1.04166178e-01  1.95356740e-01
    78.94842235  1.94913938e+02  7.62603936e-02  1.95356740e-01
    78.94842235  2.05742491e+02  5.19842665e-02  1.95356740e-01
    78.94842235  2.16571043e+02  4.32927558e-02  1.95356740e-01
    78.94842235  2.27399595e+02  2.76096526e-02  1.95356740e-01
    78.94842235  2.38228147e+02  1.13121283e-02  1.95356740e-01
    78.94842235  2.49056699e+02  6.99628041e-03  1.95356740e-01
    78.94842235  2.59885251e+02  1.11212080e-02  1.95356740e-01
    78.94842235  2.70713803e+02  3.43115521e-03  1.95356740e-01
    78.94842235  2.81542356e+02 -4.76870978e-03  1.95356740e-01
    78.94842235  2.92370908e+02 -7.64872901e-03  1.95356740e-01
    78.94842235  3.03199460e+02  6.90964586e-03  1.95356740e-01
    78.94842235  3.14028012e+02  9.16814604e-03  1.95356740e-01
    78.94842235  3.24856564e+02  5.56016585e-03  1.95356740e-01
    78.94842235  3.35685116e+02  1.26819307e-03  1.95356740e-01
    78.94842235  3.46513668e+02 -2.11389449e-03  1.95356740e-01
    78.94842235  3.57342221e+02  3.96828383e-03  1.95356740e-01
    78.94842235  3.68170773e+02 -7.00474634e-04  1.95356740e-01
    78.94842235  3.78999325e+02  2.11593892e-04  1.95356740e-01
    78.94842235  3.89827877e+02 -2.12623785e-04  1.95356740e-01
    78.94842235  4.00656429e+02  2.16287439e-03  1.95356740e-01
    78.94842235  4.11484981e+02 -1.81800732e-03  1.95356740e-01
    78.94842235  4.22313533e+02 -7.73643102e-03  1.95356740e-01
    78.94842235  4.33142085e+02  1.10188784e-03  1.95356740e-01
    78.94842235  4.43970638e+02  1.61382424e-02  1.95356740e-01
    78.94842235  4.54799190e+02  1.53724993e-02  1.95356740e-01
    78.94842235  4.65627742e+02  2.39623122e-03  1.95356740e-01
    78.94842235  4.76456294e+02  9.66388939e-04  1.95356740e-01
    78.94842235  4.87284846e+02  3.74413740e-04  1.95356740e-01
    78.94842235  4.98113398e+02  1.43662823e-03  1.95356740e-01
