# Matter power spectrum
######################################################
#
# (0)  Redshift
#      Unit = dimensionless
# (1)  Fourier scale k
#      Unit = 3.240779e-25 cm**-1
#      Unit = 1.000000e-06 pc**-1
#      Unit = 1.000000e+00 Mpc**-1
# (2)  The shot-noise subtracted power
#      Unit = 2.937999e+73 cm**3
#      Unit = 1.000000e+18 pc**3
#      Unit = 1.000000e+00 Mpc**3
# (3)  The shot-noise power (scale-independant)
#      Unit = 2.937999e+73 cm**3
#      Unit = 1.000000e+18 pc**3
#      Unit = 1.000000e+00 Mpc**3
#
#       (0)             (1)             (2)             (3)    
#             z               k            P(k)         P_noise
     5.49645124  1.69196127e-01  1.26111808e+02  1.95356740e-01
     5.49645124  3.38392254e-01  3.17912433e+01  1.95356740e-01
     5.49645124  5.07588381e-01  2.18995148e+01  1.95356740e-01
     5.49645124  6.76784509e-01  1.11882450e+01  1.95356740e-01
     5.49645124  8.45980636e-01  6.83012952e+00  1.95356740e-01
     5.49645124  1.01517676e+00  4.66214950e+00  1.95356740e-01
     5.49645124  1.18437289e+00  3.41686675e+00  1.95356740e-01
     5.49645124  1.35356902e+00  2.85675258e+00  1.95356740e-01
     5.49645124  1.52276514e+00  2.23386283e+00  1.95356740e-01
     5.49645124  1.69196127e+00  1.77023019e+00  1.95356740e-01
     5.49645124  1.86115740e+00  1.47001506e+00  1.95356740e-01
     5.49645124  2.03035353e+00  1.23815927e+00  1.95356740e-01
     5.49645124  2.19954965e+00  1.03323210e+00  1.95356740e-01
     5.49645124  2.36874578e+00  8.19693014e-01  1.95356740e-01
     5.49645124  2.53794191e+00  7.13279219e-01  1.95356740e-01
     5.49645124  2.70713803e+00  6.56046922e-01  1.95356740e-01
     5.49645124  2.87633416e+00  5.38958582e-01  1.95356740e-01
     5.49645124  3.04553029e+00  5.08563318e-01  1.95356740e-01
     5.49645124  3.21472642e+00  4.37114680e-01  1.95356740e-01
     5.49645124  3.38392254e+00  3.89651919e-01  1.95356740e-01
     5.49645124  3.55311867e+00  3.51656535e-01  1.95356740e-01
     5.49645124  3.72231480e+00  2.92490410e-01  1.95356740e-01
     5.49645124  3.89151092e+00  2.71768120e-01  1.95356740e-01
     5.49645124  4.06070705e+00  2.41901222e-01  1.95356740e-01
     5.49645124  4.22990318e+00  1.92623999e-01  1.95356740e-01
     5.49645124  4.39909931e+00  1.78366382e-01  1.95356740e-01
     5.49645124  4.56829543e+00  1.54305500e-01  1.95356740e-01
     5.49645124  4.73749156e+00  1.31453287e-01  1.95356740e-01
     5.49645124  4.90668769e+00  1.19834822e-01  1.95356740e-01
     5.49645124  5.07588381e+00  1.00996825e-01  1.95356740e-01
     5.49645124  5.24507994e+00  9.80237210e-02  1.95356740e-01
     5.49645124  5.41427607e+00  8.52036376e-02  1.95356740e-01
     5.49645124  5.58347220e+00  7.17913218e-02  1.95356740e-01
     5.49645124  5.75266832e+00  6.68512376e-02  1.95356740e-01
     5.49645124  5.92186445e+00  5.78395538e-02  1.95356740e-01
     5.49645124  6.09106058e+00  5.56394452e-02  1.95356740e-01
     5.49645124  6.26025670e+00  5.59103716e-02  1.95356740e-01
     5.49645124  6.42945283e+00  5.36888296e-02  1.95356740e-01
     5.49645124  6.59864896e+00  5.39534495e-02  1.95356740e-01
     5.49645124  6.76784509e+00  5.66972533e-02  1.95356740e-01
     5.49645124  6.93704121e+00  5.28149091e-02  1.95356740e-01
     5.49645124  7.10623734e+00  5.86236528e-02  1.95356740e-01
     5.49645124  7.27543347e+00  5.85380046e-02  1.95356740e-01
     5.49645124  7.44462959e+00  6.20674136e-02  1.95356740e-01
     5.49645124  7.61382572e+00  6.57248046e-02  1.95356740e-01
     5.49645124  8.12141410e+00  7.63965540e-02  1.95356740e-01
     5.49645124  8.79819861e+00  9.46363846e-02  1.95356740e-01
     5.49645124  9.47498312e+00  8.04289398e-02  1.95356740e-01
     5.49645124  1.01517676e+01  6.72677972e-02  1.95356740e-01
     5.49645124  1.08285521e+01  8.06972156e-02  1.95356740e-01
     5.49645124  1.15053366e+01  7.10752786e-02  1.95356740e-01
     5.49645124  1.21821212e+01  5.42998878e-02  1.95356740e-01
     5.49645124  1.28589057e+01  6.66271776e-02  1.95356740e-01
     5.49645124  1.35356902e+01  4.59428519e-02  1.95356740e-01
     5.49645124  1.42124747e+01  5.15887531e-02  1.95356740e-01
     5.49645124  1.48892592e+01  4.52185494e-02  1.95356740e-01
     5.49645124  1.55660437e+01  4.51941508e-02  1.95356740e-01
     5.49645124  1.62428282e+01  3.40230398e-02  1.95356740e-01
     5.49645124  1.69196127e+01  3.18848495e-02  1.95356740e-01
     5.49645124  1.75963972e+01  3.55700641e-02  1.95356740e-01
     5.49645124  1.82731817e+01  3.07244084e-02  1.95356740e-01
     5.49645124  1.89499662e+01  2.73401863e-02  1.95356740e-01
     5.49645124  1.96267507e+01  2.57330518e-02  1.95356740e-01
     5.49645124  2.03035353e+01  2.27301236e-02  1.95356740e-01
     5.49645124  2.09803198e+01  2.28715523e-02  1.95356740e-01
     5.49645124  2.16571043e+01  2.20205817e-02  1.95356740e-01
     5.49645124  2.23338888e+01  2.34077038e-02  1.95356740e-01
     5.49645124  2.30106733e+01  1.77020063e-02  1.95356740e-01
     5.49645124  2.36874578e+01  1.86524316e-02  1.95356740e-01
     5.49645124  2.43642423e+01  1.49260794e-02  1.95356740e-01
     5.49645124  2.50410268e+01  9.03358519e-03  1.95356740e-01
     5.49645124  2.57178113e+01  1.55224193e-02  1.95356740e-01
     5.49645124  2.63945958e+01  1.18904388e-02  1.95356740e-01
     5.49645124  2.70713803e+01  1.33940107e-02  1.95356740e-01
     5.49645124  2.77481649e+01  1.18378095e-02  1.95356740e-01
     5.49645124  2.84249494e+01  8.19963533e-03  1.95356740e-01
     5.49645124  2.91017339e+01  8.38854803e-03  1.95356740e-01
     5.49645124  2.97785184e+01  7.93238023e-03  1.95356740e-01
     5.49645124  3.04553029e+01  8.09395237e-03  1.95356740e-01
     5.49645124  3.11320874e+01  8.83287494e-03  1.95356740e-01
     5.49645124  3.24856564e+01  1.67604044e-02  1.95356740e-01
     5.49645124  3.51927944e+01  4.88354130e-03  1.95356740e-01
     5.49645124  3.78999325e+01  1.79893795e-03  1.95356740e-01
     5.49645124  4.06070705e+01 -5.70037883e-03  1.95356740e-01
     5.49645124  4.33142085e+01  6.28307654e-03  1.95356740e-01
     5.49645124  4.60213466e+01  3.86201322e-03  1.95356740e-01
     5.49645124  4.87284846e+01  2.59331980e-03  1.95356740e-01
     5.49645124  5.14356227e+01  6.46675749e-03  1.95356740e-01
     5.49645124  5.41427607e+01 -1.54761110e-04  1.95356740e-01
     5.49645124  5.68498987e+01 -4.62427715e-03  1.95356740e-01
     5.49645124  5.95570368e+01  7.26662380e-04  1.95356740e-01
     5.49645124  6.22641748e+01  3.47282679e-03  1.95356740e-01
     5.49645124  6.49713128e+01  4.16784816e-04  1.95356740e-01
     5.49645124  6.76784509e+01  1.54032858e-03  1.95356740e-01
     5.49645124  7.03855889e+01 -3.05278048e-03  1.95356740e-01
     5.49645124  7.30927269e+01  1.84627961e-03  1.95356740e-01
     5.49645124  7.57998650e+01  2.78576002e-03  1.95356740e-01
     5.49645124  7.85070030e+01  6.73917426e-03  1.95356740e-01
     5.49645124  8.12141410e+01  1.14671015e-04  1.95356740e-01
     5.49645124  8.39212791e+01  1.32675520e-03  1.95356740e-01
     5.49645124  8.66284171e+01  2.19129656e-03  1.95356740e-01
     5.49645124  8.93355551e+01  1.13477825e-03  1.95356740e-01
     5.49645124  9.20426932e+01  1.61985475e-03  1.95356740e-01
     5.49645124  9.47498312e+01  4.90493651e-03  1.95356740e-01
     5.49645124  9.74569692e+01 -3.56850820e-03  1.95356740e-01
     5.49645124  1.00164107e+02  2.70895248e-03  1.95356740e-01
     5.49645124  1.02871245e+02  1.69972244e-03  1.95356740e-01
     5.49645124  1.05578383e+02  1.14367272e-03  1.95356740e-01
     5.49645124  1.08285521e+02 -8.82827004e-04  1.95356740e-01
     5.49645124  1.10992659e+02 -2.54872690e-04  1.95356740e-01
     5.49645124  1.13699797e+02  3.19785269e-03  1.95356740e-01
     5.49645124  1.16406935e+02 -4.66514640e-04  1.95356740e-01
     5.49645124  1.19114074e+02  1.25891026e-03  1.95356740e-01
     5.49645124  1.21821212e+02 -3.85848109e-04  1.95356740e-01
     5.49645124  1.24528350e+02  1.91044996e-03  1.95356740e-01
     5.49645124  1.29942626e+02 -1.24837399e-02  1.95356740e-01
     5.49645124  1.40771178e+02 -2.33056147e-03  1.95356740e-01
     5.49645124  1.51599730e+02  1.85799248e-03  1.95356740e-01
     5.49645124  1.62428282e+02 -7.77907231e-05  1.95356740e-01
     5.49645124  1.73256834e+02  4.31101143e-04  1.95356740e-01
     5.49645124  1.84085386e+02  6.29097569e-04  1.95356740e-01
     5.49645124  1.94913938e+02 -5.76984001e-03  1.95356740e-01
     5.49645124  2.05742491e+02  7.04193168e-03  1.95356740e-01
     5.49645124  2.16571043e+02 -1.86549365e-03  1.95356740e-01
     5.49645124  2.27399595e+02  7.16681260e-03  1.95356740e-01
     5.49645124  2.38228147e+02  1.95348677e-03  1.95356740e-01
     5.49645124  2.49056699e+02  8.33275141e-03  1.95356740e-01
     5.49645124  2.59885251e+02 -3.28682264e-03  1.95356740e-01
     5.49645124  2.70713803e+02  9.26558511e-04  1.95356740e-01
     5.49645124  2.81542356e+02  8.41918422e-03  1.95356740e-01
     5.49645124  2.92370908e+02  7.53896614e-04  1.95356740e-01
     5.49645124  3.03199460e+02  1.35128542e-03  1.95356740e-01
     5.49645124  3.14028012e+02 -1.69502681e-04  1.95356740e-01
     5.49645124  3.24856564e+02 -2.25330684e-03  1.95356740e-01
     5.49645124  3.35685116e+02 -1.91688889e-04  1.95356740e-01
     5.49645124  3.46513668e+02 -1.59547478e-03  1.95356740e-01
     5.49645124  3.57342221e+02 -9.98030204e-04  1.95356740e-01
     5.49645124  3.68170773e+02 -2.03128684e-03  1.95356740e-01
     5.49645124  3.78999325e+02  1.61431327e-03  1.95356740e-01
     5.49645124  3.89827877e+02  1.32805211e-03  1.95356740e-01
     5.49645124  4.00656429e+02  2.04441655e-03  1.95356740e-01
     5.49645124  4.11484981e+02  3.98232241e-03  1.95356740e-01
     5.49645124  4.22313533e+02 -6.98465446e-04  1.95356740e-01
     5.49645124  4.33142085e+02  7.67396712e-04  1.95356740e-01
     5.49645124  4.43970638e+02  1.28084159e-03  1.95356740e-01
     5.49645124  4.54799190e+02  2.07918006e-03  1.95356740e-01
     5.49645124  4.65627742e+02  1.79961564e-03  1.95356740e-01
     5.49645124  4.76456294e+02  2.42758833e-03  1.95356740e-01
     5.49645124  4.87284846e+02  2.16913172e-03  1.95356740e-01
     5.49645124  4.98113398e+02  5.37787326e-03  1.95356740e-01
