# Matter power spectrum
######################################################
#
# (0)  Redshift
#      Unit = dimensionless
# (1)  Fourier scale k
#      Unit = 3.240779e-25 cm**-1
#      Unit = 1.000000e-06 pc**-1
#      Unit = 1.000000e+00 Mpc**-1
# (2)  The shot-noise subtracted power
#      Unit = 2.937999e+73 cm**3
#      Unit = 1.000000e+18 pc**3
#      Unit = 1.000000e+00 Mpc**3
# (3)  The shot-noise power (scale-independant)
#      Unit = 2.937999e+73 cm**3
#      Unit = 1.000000e+18 pc**3
#      Unit = 1.000000e+00 Mpc**3
#
#       (0)             (1)             (2)             (3)    
#             z               k            P(k)         P_noise
    35.48741633  1.69196127e-01  3.58116262e+00  1.95356740e-01
    35.48741633  3.38392254e-01  9.33055076e-01  1.95356740e-01
    35.48741633  5.07588381e-01  4.46841986e-01  1.95356740e-01
    35.48741633  6.76784509e-01  1.12965697e-01  1.95356740e-01
    35.48741633  8.45980636e-01 -5.91190149e-03  1.95356740e-01
    35.48741633  1.01517676e+00 -7.53100195e-02  1.95356740e-01
    35.48741633  1.18437289e+00 -1.12761730e-01  1.95356740e-01
    35.48741633  1.35356902e+00 -1.29943262e-01  1.95356740e-01
    35.48741633  1.52276514e+00 -1.44044056e-01  1.95356740e-01
    35.48741633  1.69196127e+00 -1.59435559e-01  1.95356740e-01
    35.48741633  1.86115740e+00 -1.66003876e-01  1.95356740e-01
    35.48741633  2.03035353e+00 -1.71872362e-01  1.95356740e-01
    35.48741633  2.19954965e+00 -1.76699503e-01  1.95356740e-01
    35.48741633  2.36874578e+00 -1.79806674e-01  1.95356740e-01
    35.48741633  2.53794191e+00 -1.81793548e-01  1.95356740e-01
    35.48741633  2.70713803e+00 -1.83884035e-01  1.95356740e-01
    35.48741633  2.87633416e+00 -1.86016222e-01  1.95356740e-01
    35.48741633  3.04553029e+00 -1.86754664e-01  1.95356740e-01
    35.48741633  3.21472642e+00 -1.88111081e-01  1.95356740e-01
    35.48741633  3.38392254e+00 -1.89139255e-01  1.95356740e-01
    35.48741633  3.55311867e+00 -1.90225842e-01  1.95356740e-01
    35.48741633  3.72231480e+00 -1.90617804e-01  1.95356740e-01
    35.48741633  3.89151092e+00 -1.91118548e-01  1.95356740e-01
    35.48741633  4.06070705e+00 -1.91588789e-01  1.95356740e-01
    35.48741633  4.22990318e+00 -1.91953871e-01  1.95356740e-01
    35.48741633  4.39909931e+00 -1.92435977e-01  1.95356740e-01
    35.48741633  4.56829543e+00 -1.92629552e-01  1.95356740e-01
    35.48741633  4.73749156e+00 -1.92978406e-01  1.95356740e-01
    35.48741633  4.90668769e+00 -1.93200019e-01  1.95356740e-01
    35.48741633  5.07588381e+00 -1.93392423e-01  1.95356740e-01
    35.48741633  5.24507994e+00 -1.93548675e-01  1.95356740e-01
    35.48741633  5.41427607e+00 -1.93786556e-01  1.95356740e-01
    35.48741633  5.58347220e+00 -1.93958298e-01  1.95356740e-01
    35.48741633  5.75266832e+00 -1.94010229e-01  1.95356740e-01
    35.48741633  5.92186445e+00 -1.94045521e-01  1.95356740e-01
    35.48741633  6.09106058e+00 -1.94057704e-01  1.95356740e-01
    35.48741633  6.26025670e+00 -1.93980403e-01  1.95356740e-01
    35.48741633  6.42945283e+00 -1.93943502e-01  1.95356740e-01
    35.48741633  6.59864896e+00 -1.93813779e-01  1.95356740e-01
    35.48741633  6.76784509e+00 -1.93658151e-01  1.95356740e-01
    35.48741633  6.93704121e+00 -1.93464413e-01  1.95356740e-01
    35.48741633  7.10623734e+00 -1.93247380e-01  1.95356740e-01
    35.48741633  7.27543347e+00 -1.92983204e-01  1.95356740e-01
    35.48741633  7.44462959e+00 -1.92484786e-01  1.95356740e-01
    35.48741633  7.61382572e+00 -1.92164010e-01  1.95356740e-01
    35.48741633  8.12141410e+00 -1.90672425e-01  1.95356740e-01
    35.48741633  8.79819861e+00 -1.82992390e-01  1.95356740e-01
    35.48741633  9.47498312e+00 -1.53749482e-01  1.95356740e-01
    35.48741633  1.01517676e+01  1.68311118e-01  1.95356740e-01
    35.48741633  1.08285521e+01  7.69844566e+00  1.95356740e-01
    35.48741633  1.15053366e+01 -2.70565432e-03  1.95356740e-01
    35.48741633  1.21821212e+01 -1.24575575e-01  1.95356740e-01
    35.48741633  1.28589057e+01 -1.58589849e-01  1.95356740e-01
    35.48741633  1.35356902e+01 -1.59217811e-01  1.95356740e-01
    35.48741633  1.42124747e+01 -3.58513403e-02  1.95356740e-01
    35.48741633  1.48892592e+01  2.17260740e-02  1.95356740e-01
    35.48741633  1.55660437e+01  4.55643320e-01  1.95356740e-01
    35.48741633  1.62428282e+01 -4.01418042e-02  1.95356740e-01
    35.48741633  1.69196127e+01 -8.69285361e-02  1.95356740e-01
    35.48741633  1.75963972e+01 -1.02961693e-01  1.95356740e-01
    35.48741633  1.82731817e+01 -1.03561688e-03  1.95356740e-01
    35.48741633  1.89499662e+01  5.13794169e-02  1.95356740e-01
    35.48741633  1.96267507e+01 -6.24874647e-02  1.95356740e-01
    35.48741633  2.03035353e+01 -1.06888466e-01  1.95356740e-01
    35.48741633  2.09803198e+01 -6.64249259e-02  1.95356740e-01
    35.48741633  2.16571043e+01  2.38842948e-02  1.95356740e-01
    35.48741633  2.23338888e+01 -2.95454380e-02  1.95356740e-01
    35.48741633  2.30106733e+01  3.76443200e-02  1.95356740e-01
    35.48741633  2.36874578e+01  1.48604465e-02  1.95356740e-01
    35.48741633  2.43642423e+01  9.99264073e-02  1.95356740e-01
    35.48741633  2.50410268e+01  1.16042104e-01  1.95356740e-01
    35.48741633  2.57178113e+01  1.54870398e-01  1.95356740e-01
    35.48741633  2.63945958e+01  5.35792826e-02  1.95356740e-01
    35.48741633  2.70713803e+01  3.87961658e-02  1.95356740e-01
    35.48741633  2.77481649e+01 -5.83618887e-02  1.95356740e-01
    35.48741633  2.84249494e+01 -5.40880923e-02  1.95356740e-01
    35.48741633  2.91017339e+01 -8.05845302e-02  1.95356740e-01
    35.48741633  2.97785184e+01 -8.38424839e-02  1.95356740e-01
    35.48741633  3.04553029e+01 -1.96116110e-02  1.95356740e-01
    35.48741633  3.11320874e+01 -1.81395529e-02  1.95356740e-01
    35.48741633  3.24856564e+01  1.01496659e-01  1.95356740e-01
    35.48741633  3.51927944e+01  5.53910506e-02  1.95356740e-01
    35.48741633  3.78999325e+01  7.07545382e-02  1.95356740e-01
    35.48741633  4.06070705e+01  1.54642710e-02  1.95356740e-01
    35.48741633  4.33142085e+01  3.28148370e-02  1.95356740e-01
    35.48741633  4.60213466e+01  3.46746461e-02  1.95356740e-01
    35.48741633  4.87284846e+01 -5.73535635e-03  1.95356740e-01
    35.48741633  5.14356227e+01  3.47824863e-03  1.95356740e-01
    35.48741633  5.41427607e+01  1.15181111e-02  1.95356740e-01
    35.48741633  5.68498987e+01  1.13183004e-02  1.95356740e-01
    35.48741633  5.95570368e+01  1.47109355e-02  1.95356740e-01
    35.48741633  6.22641748e+01 -7.96319322e-03  1.95356740e-01
    35.48741633  6.49713128e+01 -5.48426792e-03  1.95356740e-01
    35.48741633  6.76784509e+01  5.10585222e-03  1.95356740e-01
    35.48741633  7.03855889e+01 -2.19558275e-03  1.95356740e-01
    35.48741633  7.30927269e+01  4.18712873e-03  1.95356740e-01
    35.48741633  7.57998650e+01 -4.73916906e-04  1.95356740e-01
    35.48741633  7.85070030e+01  1.79861837e-03  1.95356740e-01
    35.48741633  8.12141410e+01  4.15908925e-03  1.95356740e-01
    35.48741633  8.39212791e+01 -2.59410775e-03  1.95356740e-01
    35.48741633  8.66284171e+01 -1.48194914e-03  1.95356740e-01
    35.48741633  8.93355551e+01 -2.22225551e-04  1.95356740e-01
    35.48741633  9.20426932e+01  6.47260509e-04  1.95356740e-01
    35.48741633  9.47498312e+01 -1.06079119e-03  1.95356740e-01
    35.48741633  9.74569692e+01  4.41446432e-03  1.95356740e-01
    35.48741633  1.00164107e+02 -5.52704721e-04  1.95356740e-01
    35.48741633  1.02871245e+02 -1.27263309e-03  1.95356740e-01
    35.48741633  1.05578383e+02 -9.24004445e-04  1.95356740e-01
    35.48741633  1.08285521e+02 -1.22775323e-04  1.95356740e-01
    35.48741633  1.10992659e+02 -3.34894869e-03  1.95356740e-01
    35.48741633  1.13699797e+02 -2.34060762e-03  1.95356740e-01
    35.48741633  1.16406935e+02  6.85415067e-04  1.95356740e-01
    35.48741633  1.19114074e+02  6.74222546e-04  1.95356740e-01
    35.48741633  1.21821212e+02  1.67810544e-03  1.95356740e-01
    35.48741633  1.24528350e+02  4.58880405e-03  1.95356740e-01
    35.48741633  1.29942626e+02 -5.59156476e-03  1.95356740e-01
    35.48741633  1.40771178e+02  2.29636552e-03  1.95356740e-01
    35.48741633  1.51599730e+02  2.91246352e-03  1.95356740e-01
    35.48741633  1.62428282e+02 -2.91396148e-03  1.95356740e-01
    35.48741633  1.73256834e+02  4.61907423e-03  1.95356740e-01
    35.48741633  1.84085386e+02  1.25269284e-03  1.95356740e-01
    35.48741633  1.94913938e+02 -2.38344783e-03  1.95356740e-01
    35.48741633  2.05742491e+02  1.55628436e-02  1.95356740e-01
    35.48741633  2.16571043e+02  1.15697096e-03  1.95356740e-01
    35.48741633  2.27399595e+02  1.35678383e-03  1.95356740e-01
    35.48741633  2.38228147e+02  3.81782380e-03  1.95356740e-01
    35.48741633  2.49056699e+02 -8.48353045e-04  1.95356740e-01
    35.48741633  2.59885251e+02 -7.47864290e-03  1.95356740e-01
    35.48741633  2.70713803e+02  3.63164081e-03  1.95356740e-01
    35.48741633  2.81542356e+02 -2.49537193e-03  1.95356740e-01
    35.48741633  2.92370908e+02 -4.30150224e-03  1.95356740e-01
    35.48741633  3.03199460e+02  5.27538820e-04  1.95356740e-01
    35.48741633  3.14028012e+02 -3.08677598e-03  1.95356740e-01
    35.48741633  3.24856564e+02 -1.95817325e-03  1.95356740e-01
    35.48741633  3.35685116e+02 -3.51658211e-03  1.95356740e-01
    35.48741633  3.46513668e+02  3.81863032e-03  1.95356740e-01
    35.48741633  3.57342221e+02  4.98356188e-03  1.95356740e-01
    35.48741633  3.68170773e+02 -3.70984486e-04  1.95356740e-01
    35.48741633  3.78999325e+02 -2.24766911e-03  1.95356740e-01
    35.48741633  3.89827877e+02 -2.77413039e-03  1.95356740e-01
    35.48741633  4.00656429e+02 -1.90909095e-03  1.95356740e-01
    35.48741633  4.11484981e+02 -6.23719235e-04  1.95356740e-01
    35.48741633  4.22313533e+02  1.54097930e-03  1.95356740e-01
    35.48741633  4.33142085e+02 -1.04668566e-03  1.95356740e-01
    35.48741633  4.43970638e+02 -7.11839541e-04  1.95356740e-01
    35.48741633  4.54799190e+02  2.97378227e-03  1.95356740e-01
    35.48741633  4.65627742e+02  2.78671921e-03  1.95356740e-01
    35.48741633  4.76456294e+02  1.29599117e-03  1.95356740e-01
    35.48741633  4.87284846e+02  2.21478953e-03  1.95356740e-01
    35.48741633  4.98113398e+02  2.25408545e-03  1.95356740e-01
